1.07461e-16 2.807e+12 0 0 19710.9 0 0 0
1.24094e-16 3.20626e+12 0 0 22761.8 0 0 0
1.43301e-16 3.65635e+12 0 0 26284.8 0 0 0
1.65482e-16 4.16242e+12 0 0 30353.3 0 0 0
1.91095e-16 4.72964e+12 0 0 35051.3 0 0 0
2.20673e-16 5.36333e+12 0 0 40476.6 0 0 0
2.5483e-16 6.06867e+12 0 0 46741.8 0 0 0
2.94273e-16 6.85055e+12 0 0 53976.5 0 0 0
3.39821e-16 7.71338e+12 0 0 62331 0 0 0
3.92419e-16 8.66086e+12 0 0 71978.6 0 0 0
4.53158e-16 9.69563e+12 0 0 83119.5 0 0 0
5.23299e-16 1.0819e+13 0 0 95984.8 0 0 0
6.04296e-16 1.20306e+13 0 0 110841 0 0 0
6.97831e-16 1.33281e+13 0 0 127997 0 0 0
8.05842e-16 1.47069e+13 0 0 147809 0 0 0
9.30572e-16 1.61599e+13 0 0 170686 0 0 0
1.07461e-15 1.76775e+13 0 0 197105 0 0 0
1.24094e-15 1.92474e+13 0 0 227613 0 0 0
1.43301e-15 2.0855e+13 0 0 262842 0 0 0
1.65482e-15 2.2484e+13 0 0 303525 0 0 0
1.91095e-15 2.41166e+13 0 0 350502 0 0 0
2.20673e-15 2.5735e+13 0 0 404751 0 0 0
2.5483e-15 2.73219e+13 0 0 467398 0 0 0
2.94273e-15 2.88623e+13 0 0 539739 0 0 0
3.39821e-15 3.03444e+13 0 0 623275 0 0 0
3.92419e-15 3.17607e+13 0 0 719739 0 0 0
4.53158e-15 3.3109e+13 0 0 831131 0 0 0
5.23299e-15 3.43933e+13 0 0 959764 0 0 0
6.04296e-15 3.56243e+13 0 0 1.1083e+06 0 0 0
6.97831e-15 3.68208e+13 0 0 1.27982e+06 0 0 0
8.05842e-15 3.80113e+13 0 0 1.47789e+06 0 0 0
9.30572e-15 3.92353e+13 0 0 1.7066e+06 0 0 0
1.07461e-14 4.05444e+13 0 0 1.9707e+06 0 0 0
1.24094e-14 4.20007e+13 0 0 2.27566e+06 0 0 0
1.43301e-14 4.36733e+13 0 0 2.62779e+06 0 0 0
1.65482e-14 4.5632e+13 0 0 3.03441e+06 0 0 0
1.91095e-14 4.79394e+13 0 0 3.5039e+06 0 0 0
2.20673e-14 5.06456e+13 0 0 4.04602e+06 0 0 0
2.5483e-14 5.37848e+13 0 0 4.67199e+06 0 0 0
2.94273e-14 5.73777e+13 0 0 5.39473e+06 0 0 0
3.39821e-14 6.14377e+13 0 0 6.22921e+06 0 0 0
3.92419e-14 6.59805e+13 0 0 7.19267e+06 0 0 0
4.53158e-14 7.10329e+13 0 0 8.30502e+06 0 0 0
5.23299e-14 7.66408e+13 0 0 9.58925e+06 0 0 0
6.04296e-14 8.28734e+13 0 0 1.10718e+07 0 0 0
6.97831e-14 8.98266e+13 0 0 1.27833e+07 0 0 0
8.05842e-14 9.76241e+13 0 0 1.4759e+07 0 0 0
9.30572e-14 1.06419e+14 0 0 1.70395e+07 0 0 0
1.07461e-13 1.16397e+14 0 0 1.96716e+07 0 0 0
1.24094e-13 1.27777e+14 0 0 2.27094e+07 0 0 0
1.43301e-13 1.40817e+14 0 0 2.6215e+07 0 0 0
1.65482e-13 1.55827e+14 0 0 3.02602e+07 0 0 0
1.91095e-13 1.73172e+14 0 0 3.49272e+07 0 0 0
2.20673e-13 1.933e+14 0 0 4.03112e+07 0 0 0
2.5483e-13 2.16754e+14 0 0 4.65212e+07 0 0 0
2.94273e-13 2.44194e+14 0 0 5.36824e+07 0 0 0
3.39821e-13 2.7643e+14 0 0 6.1939e+07 0 0 0
3.92419e-13 3.14447e+14 0 0 7.14561e+07 0 0 0
4.53158e-13 3.59442e+14 0 0 8.24229e+07 0 0 0
5.23299e-13 4.12873e+14 0 0 9.50563e+07 0 0 0
6.04296e-13 4.76514e+14 0 0 1.09604e+08 0 0 0
6.97831e-13 5.52521e+14 0 0 1.26348e+08 0 0 0
8.05842e-13 6.43496e+14 0 0 1.45611e+08 0 0 0
9.30572e-13 7.52524e+14 0 0 1.67759e+08 0 0 0
1.07461e-12 8.83098e+14 0 0 1.93205e+08 0 0 0
1.24094e-12 1.03887e+15 0 0 2.22418e+08 0 0 0
1.43301e-12 1.2233e+15 0 0 2.55923e+08 0 0 0
1.65482e-12 1.43957e+15 0 0 2.94313e+08 0 0 0
1.91095e-12 1.69067e+15 0 0 3.3824e+08 0 0 0
2.20673e-12 1.97919e+15 0 0 3.88433e+08 0 0 0
2.5483e-12 2.30473e+15 0 0 4.45688e+08 0 0 0
2.94273e-12 2.65913e+15 0 0 5.10868e+08 0 0 0
3.39821e-12 3.02469e+15 0 0 5.84898e+08 0 0 0
3.92419e-12 3.38017e+15 0 0 6.68752e+08 0 0 0
4.53158e-12 3.71385e+15 0 0 7.6343e+08 0 0 0
5.23299e-12 4.03132e+15 0 0 8.6993e+08 0 0 0
6.04296e-12 4.34515e+15 0 0 9.89194e+08 0 0 0
6.97831e-12 4.65538e+15 0 0 1.12205e+09 0 0 0
8.05842e-12 4.9383e+15 0 0 1.26912e+09 0 0 0
9.30572e-12 5.14625e+15 0 0 1.43071e+09 0 0 0
1.07461e-11 5.21762e+15 0 0 1.60663e+09 0 0 0
1.24094e-11 5.10399e+15 0 0 1.79606e+09 0 0 0
1.43301e-11 4.80217e+15 0 0 1.99726e+09 0 0 0
1.65482e-11 4.35856e+15 0 0 2.20739e+09 0 0 0
1.91095e-11 3.84242e+15 0 0 2.42213e+09 0 0 0
2.20673e-11 3.31476e+15 0 0 2.63552e+09 0 0 0
2.5483e-11 2.81342e+15 0 0 2.83968e+09 0 0 0
2.94273e-11 2.35492e+15 0 0 3.0247e+09 0 0 0
3.39821e-11 1.94388e+15 0 0 3.17885e+09 0 0 0
3.92419e-11 1.5809e+15 0 0 3.28902e+09 0 0 0
4.53158e-11 1.26587e+15 0 0 3.34166e+09 0 0 0
5.23299e-11 9.98241e+14 0 0 3.32427e+09 0 0 0
6.04296e-11 7.76275e+14 0 0 3.22742e+09 0 0 0
6.97831e-11 5.96544e+14 0 0 3.04703e+09 0 0 0
8.05842e-11 4.54111e+14 0 0 2.78654e+09 0 0 0
9.30572e-11 3.43214e+14 0 0 2.45821e+09 0 0 0
1.07461e-10 2.58038e+14 0 0 2.08291e+09 0 0 0
1.24094e-10 1.93269e+14 0 0 1.68785e+09 0 0 0
1.43301e-10 1.44369e+14 0 0 1.30245e+09 0 0 0
1.65482e-10 1.07631e+14 0 0 9.53207e+08 0 0 0
1.91095e-10 8.01288e+13 0 0 6.56529e+09 0 0 0
2.20673e-10 5.95905e+13 0 0 4.2088e+10 0 0 0
2.5483e-10 4.42799e+13 0 0 1.32619e+11 0 0 0
2.94273e-10 3.28821e+13 0 0 3.67018e+11 0 0 0
3.39821e-10 2.44054e+13 0 0 9.77458e+11 0 0 0
3.92419e-10 1.81061e+13 0 0 2.57014e+12 0 0 0
4.53158e-10 1.34279e+13 0 0 6.66851e+12 0 0 0
5.23299e-10 9.95542e+12 0 0 1.69447e+13 0 0 0
6.04296e-10 7.37913e+12 0 0 3.80397e+13 0 0 0
6.97831e-10 5.46844e+12 0 0 6.476e+13 0 0 0
8.05842e-10 4.05189e+12 0 0 9.65406e+13 0 0 0
9.30572e-10 3.00195e+12 0 0 1.24328e+14 0 0 0
1.07461e-09 2.22393e+12 0 0 1.4502e+14 0 0 0
1.24094e-09 1.64753e+12 0 0 1.45407e+14 0 0 0
1.43301e-09 1.22056e+12 0 0 1.34027e+14 0 0 0
1.65482e-09 9.04289e+11 0 0 1.15607e+14 0 0 0
1.91095e-09 6.70057e+11 0 0 9.49612e+13 0 0 0
2.20673e-09 4.96573e+11 0 0 7.52472e+13 0 0 0
2.5483e-09 3.68078e+11 0 0 5.70368e+13 0 0 0
2.94273e-09 2.72903e+11 0 0 4.2709e+13 0 0 0
3.39821e-09 2.02397e+11 0 0 3.16839e+13 0 0 0
3.92419e-09 1.50156e+11 0 0 2.33693e+13 0 0 0
4.53158e-09 1.11441e+11 0 0 1.72018e+13 0 0 0
5.23299e-09 8.2743e+10 0 0 1.25825e+13 0 0 0
6.04296e-09 6.14634e+10 0 0 9.02333e+12 0 0 0
6.97831e-09 4.56793e+10 0 0 6.26694e+12 0 0 0
8.05842e-09 3.39674e+10 0 0 4.19987e+12 0 0 0
9.30572e-09 2.52733e+10 0 0 2.71741e+12 0 0 0
1.07461e-08 1.88164e+10 0 0 1.69882e+12 0 0 0
1.24094e-08 1.40188e+10 0 0 1.02698e+12 0 0 0
1.43301e-08 1.04522e+10 0 0 6.02802e+11 0 0 0
1.65482e-08 7.79899e+09 0 0 3.47138e+11 0 0 0
1.91095e-08 5.82416e+09 0 0 1.97793e+11 0 0 0
2.20673e-08 4.35317e+09 0 0 1.12274e+11 0 0 0
2.5483e-08 3.25669e+09 0 0 6.46637e+10 0 0 0
2.94273e-08 2.43878e+09 0 0 3.8859e+10 0 0 0
3.39821e-08 1.82815e+09 0 0 2.48053e+10 0 0 0
3.92419e-08 1.37188e+09 0 0 1.68387e+10 0 0 0
4.53158e-08 1.03065e+09 0 0 1.2035e+10 0 0 0
5.23299e-08 7.75189e+08 0 0 8.92222e+09 0 0 0
6.04296e-08 5.83758e+08 0 0 6.74172e+09 0 0 0
6.97831e-08 4.40151e+08 0 0 5.12027e+09 0 0 0
8.05842e-08 3.32303e+08 0 0 3.8898e+09 0 0 0
9.30572e-08 2.51215e+08 0 0 2.95529e+09 0 0 0
1.07461e-07 1.90172e+08 0 0 2.24548e+09 0 0 0
1.24094e-07 1.44163e+08 0 0 1.70631e+09 0 0 0
1.43301e-07 1.09441e+08 0 0 1.29672e+09 0 0 0
1.65482e-07 8.32003e+07 0 0 9.85511e+08 0 0 0
1.91095e-07 6.3344e+07 0 0 7.49061e+08 0 0 0
2.20673e-07 4.82966e+07 0 0 5.69381e+08 0 0 0
2.5483e-07 3.68775e+07 0 0 4.32828e+08 0 0 0
2.94273e-07 2.81996e+07 0 0 3.29047e+08 0 0 0
3.39821e-07 2.1595e+07 0 0 2.50165e+08 0 0 0
3.92419e-07 1.65611e+07 0 0 1.90203e+08 0 0 0
4.53158e-07 1.27186e+07 0 0 1.44619e+08 0 0 0
5.23299e-07 9.78109e+06 0 0 1.09964e+08 0 0 0
6.04296e-07 7.5322e+06 0 0 8.3615e+07 0 0 0
6.97831e-07 5.80794e+06 0 0 6.35802e+07 0 0 0
8.05842e-07 4.48403e+06 0 0 4.8346e+07 0 0 0
9.30572e-07 3.46604e+06 0 0 3.67612e+07 0 0 0
1.07461e-06 2.68219e+06 0 0 2.79512e+07 0 0 0
1.24094e-06 2.07783e+06 0 0 2.12514e+07 0 0 0
1.43301e-06 1.61125e+06 0 0 1.61563e+07 0 0 0
1.65482e-06 1.25057e+06 0 0 1.22812e+07 0 0 0
1.91095e-06 971441 0 0 9.3343e+06 0 0 0
2.20673e-06 755169 0 0 7.09316e+06 0 0 0
2.5483e-06 587416 0 0 5.38884e+06 0 0 0
2.94273e-06 457170 0 0 4.09289e+06 0 0 0
3.39821e-06 355954 0 0 3.10754e+06 0 0 0
3.92419e-06 277233 0 0 2.35844e+06 0 0 0
4.53158e-06 215964 0 0 1.78903e+06 0 0 0
5.23299e-06 168249 0 0 1.3563e+06 0 0 0
6.04296e-06 131072 0 0 1.02753e+06 0 0 0
6.97831e-06 102095 0 0 777812 0 0 0
8.05842e-06 79503.9 0 0 588218 0 0 0
9.30572e-06 61889.4 0 0 444332 0 0 0
1.07461e-05 48154.7 0 0 335194 0 0 0
1.24094e-05 37446.9 0 0 252469 0 0 0
1.43301e-05 29101 0 0 189813 0 0 0
1.65482e-05 22598 0 0 142400 0 0 0
1.91095e-05 17533.9 0 0 106564 0 1.11626e-06 0
2.20673e-05 13592.6 0 0 79515.2 0 1.13597e-06 0
2.5483e-05 10527.3 0 0 59131.2 0 1.15602e-06 0
2.94273e-05 8145.31 0 0 43800.8 0 1.17643e-06 0
3.39821e-05 6295.97 0 0 32298.1 0 1.19454e-06 0
3.92419e-05 4861.53 0 0 23692 0 1.21282e-06 0
4.53158e-05 3750.05 5.45755e-15 7.6733e-13 17275 0 1.23137e-06 0
5.23299e-05 2889.7 4.73746e-14 6.2762e-12 12509.5 0 1.25526e-06 0
6.04296e-05 2224.45 1.62562e-13 2.07671e-11 8987.8 0 1.28118e-06 0
6.97831e-05 1710.6 4.69542e-13 5.87643e-11 6400.14 0 1.30763e-06 0
8.05842e-05 1314.12 1.27933e-12 1.58393e-10 4511.76 0 1.33288e-06 0
9.30572e-05 1008.51 3.40046e-12 4.18598e-10 3144.59 0 1.34938e-06 0
0.000107461 773.185 8.68771e-12 1.06278e-09 2163.9 0 1.36608e-06 0
0.000124094 592.157 2.11594e-11 2.56814e-09 1467.97 0 1.38299e-06 0
0.000143301 453.03 4.67017e-11 5.57611e-09 980.177 0 1.40041e-06 0
0.000165482 346.195 8.41677e-11 9.69647e-09 643.02 0 1.41927e-06 0
0.000191095 264.235 1.36052e-10 1.50851e-08 413.671 0 1.43839e-06 0
0.000220673 201.403 2.00902e-10 2.13227e-08 260.409 0 1.45777e-06 0
0.00025483 153.272 2.77452e-10 2.80261e-08 160.033 0 1.47452e-06 0
0.000294273 116.43 3.49864e-10 3.29363e-08 95.7615 0 1.49074e-06 0
0.000339821 88.2501 4.23243e-10 3.68547e-08 55.626 0 1.50714e-06 0
0.000392419 66.7121 4.96652e-10 3.96099e-08 31.2565 0 1.52373e-06 0
0.000453158 50.2668 5.72476e-10 4.14637e-08 16.92 0 1.54686e-06 0
0.000523299 37.7261 6.53467e-10 4.26818e-08 8.78294 0 1.57284e-06 0
0.000604296 28.1803 7.39089e-10 4.31211e-08 4.34841 0 1.59925e-06 0
0.000697831 20.9323 8.35713e-10 4.35979e-08 2.04032 0 1.62611e-06 0
0.000805842 15.448 9.44652e-10 4.41229e-08 0.900558 0 1.64623e-06 0
0.000930572 11.3169 1.06717e-09 4.47062e-08 0.37069 0 1.66357e-06 0
0.00107461 8.22319 1.20459e-09 4.53566e-08 0.14095 0 1.6811e-06 0
0.00124094 5.92271 1.35837e-09 4.60824e-08 0.0489802 0 1.69881e-06 0
0.00143301 4.22624 1.53025e-09 4.68901e-08 0.0153558 0 1.69327e-06 0
0.00165482 2.9868 1.72214e-09 4.77838e-08 0.00427711 0 1.64227e-06 0
0.00191095 2.09055 1.93597e-09 4.87647e-08 0.00103989 0 1.5928e-06 0
0.00220673 1.44936 2.17378e-09 4.9831e-08 0.00021642 0 1.54482e-06 0
0.0025483 0.995653 2.43763e-09 5.09759e-08 3.77206e-05 0 1.49829e-06 0
0.00294273 0.678104 2.72917e-09 5.21858e-08 5.36246e-06 0 1.44134e-06 0
0.00339821 0.458172 3.04956e-09 5.34397e-08 6.02134e-07 0 1.36777e-06 0
0.00392419 0.307353 3.39933e-09 5.47095e-08 5.14214e-08 0 1.29796e-06 0
0.00453158 0.204868 3.77798e-09 5.5959e-08 3.20723e-09 0 1.23171e-06 0
0.00523299 0.135797 4.18339e-09 5.71459e-08 1.3931e-10 0 1.16885e-06 0
0.00604296 0.0895852 4.61152e-09 5.82224e-08 3.88236e-12 0 1.10681e-06 0
0.00697831 0.0588604 5.05635e-09 5.91361e-08 0 0 1.04707e-06 0
0.00805842 0.0385429 5.50939e-09 5.98308e-08 0 0 9.90558e-07 0
0.00930572 0.025168 5.95944e-09 6.02501e-08 0 0 9.37092e-07 0
0.0107461 0.0163964 6.39323e-09 6.03398e-08 0 5.97768e-07 8.88732e-07 0
0.0124094 0.0106618 6.79641e-09 6.00508e-08 0 5.97768e-07 8.44251e-07 0
0.0143301 0.00692226 7.15506e-09 5.93425e-08 0 5.97768e-07 8.01997e-07 0
0.0165482 0.00448852 7.45681e-09 5.81873e-08 0 5.97768e-07 7.61858e-07 0
0.0191095 0.00290744 7.69192e-09 5.6573e-08 0 5.97768e-07 7.21876e-07 0
0.0220673 0.00188164 7.85459e-09 5.45013e-08 0 5.97768e-07 6.81507e-07 0
0.025483 0.00121684 7.94214e-09 5.19901e-08 0 5.97768e-07 6.43396e-07 0
0.0294273 0.000786432 7.95282e-09 4.90835e-08 0 5.97768e-07 6.07415e-07 0
0.0339821 0.000507981 7.88613e-09 4.58545e-08 0 5.97768e-07 5.73504e-07 0
0.0392419 0.00032796 7.74316e-09 4.23987e-08 0 5.97768e-07 5.41559e-07 0
0.0453158 0.000211642 7.52644e-09 3.8827e-08 0 5.97768e-07 5.11393e-07 0
0.0523299 0.000136523 7.24079e-09 3.52544e-08 0 5.97768e-07 4.82907e-07 0
0.0604296 8.80334e-05 6.8954e-09 3.17823e-08 0 5.97768e-07 4.57367e-07 0
0.0697831 5.67463e-05 6.50239e-09 2.84885e-08 0 5.97768e-07 4.35088e-07 0
0.0805842 3.65672e-05 6.07509e-09 2.54257e-08 0 5.97768e-07 4.13893e-07 0
0.0930572 2.35569e-05 5.62776e-09 2.26227e-08 0 5.97768e-07 3.93732e-07 0
0.107461 1.51715e-05 5.17376e-09 2.00872e-08 0 5.97768e-07 3.74552e-07 0
0.124094 9.76877e-06 4.72489e-09 1.78113e-08 0 5.93974e-07 3.54167e-07 0
0.143301 6.28887e-06 4.29072e-09 1.57788e-08 0 5.92115e-07 3.34265e-07 0
0.165482 4.0479e-06 3.87816e-09 1.39697e-08 0 5.92511e-07 3.15481e-07 0
0.191095 2.60526e-06 3.49178e-09 1.23626e-08 0 5.92908e-07 2.97753e-07 0
0.220673 1.67667e-06 3.13392e-09 1.0936e-08 0 5.79695e-07 2.81525e-07 0
0.25483 1.07906e-06 2.80553e-09 9.67045e-09 0 5.66766e-07 2.66181e-07 0
0.294273 6.94513e-07 2.50651e-09 8.54854e-09 0 5.53364e-07 2.51674e-07 0
0.339821 4.47077e-07 2.23572e-09 7.55372e-09 0 5.40206e-07 2.37957e-07 0
0.392419 2.87862e-07 1.99141e-09 6.67111e-09 0 5.28762e-07 2.25132e-07 0
0.453158 1.85407e-07 1.77166e-09 5.88805e-09 0 5.19313e-07 2.13323e-07 0
0.523299 1.19465e-07 1.57452e-09 5.19364e-09 0 5.09995e-07 2.02133e-07 0
0.604296 7.70154e-08 1.39793e-09 4.57787e-09 0 5.00263e-07 1.9153e-07 0
0.697831 4.96791e-08 1.23985e-09 4.0318e-09 0 4.90716e-07 1.81483e-07 0
0.805842 3.20685e-08 1.09847e-09 3.54784e-09 0 4.79287e-07 1.7196e-07 0
0.930572 2.07173e-08 9.72193e-10 3.11938e-09 0 4.65723e-07 1.62919e-07 0
1.07461 1.33961e-08 8.59494e-10 2.74029e-09 0 4.52543e-07 1.54352e-07 0
1.24094 8.67084e-09 7.58968e-10 2.40501e-09 0 4.43009e-07 1.46237e-07 4.99586e-08
1.43301 5.61826e-09 6.69407e-10 2.10879e-09 0 4.35129e-07 1.38547e-07 5.09929e-08
1.65482 3.64402e-09 5.89747e-10 1.8474e-09 0 4.27389e-07 1.31265e-07 5.20572e-08
1.91095 2.36566e-09 5.18988e-10 1.61695e-09 0 4.16522e-07 1.24553e-07 5.30893e-08
2.20673 1.53656e-09 4.56189e-10 1.41386e-09 0 4.05159e-07 1.18185e-07 5.40847e-08
2.5483 9.97844e-10 4.00541e-10 1.23507e-09 0 3.94106e-07 1.12143e-07 5.49292e-08
2.94273 6.4712e-10 3.51324e-10 1.07789e-09 0 3.83761e-07 1.06409e-07 5.57644e-08
3.39821 4.18397e-10 3.07842e-10 9.39815e-10 0 3.73804e-07 1.00929e-07 5.66065e-08
3.92419 2.69146e-10 2.69457e-10 8.18574e-10 0 3.63601e-07 9.54705e-08 5.74734e-08
4.53158 1.71895e-10 2.35616e-10 7.12228e-10 0 3.5245e-07 9.03071e-08 5.83164e-08
5.23299 1.08797e-10 2.05827e-10 6.19077e-10 0 3.41642e-07 8.5423e-08 5.87636e-08
6.04296 6.81511e-11 1.7963e-10 5.37552e-10 0 3.30938e-07 8.0803e-08 5.91385e-08
6.97831 4.22089e-11 1.56602e-10 4.66234e-10 0 3.20516e-07 7.65898e-08 5.94412e-08
8.05842 2.58156e-11 1.36384e-10 4.03921e-10 0 3.10533e-07 7.27956e-08 5.97249e-08
9.30572 1.5561e-11 1.1866e-10 3.49557e-10 0 3.01617e-07 6.91893e-08 6.01708e-08
10.7461 9.22346e-12 1.03135e-10 3.02171e-10 0 2.92957e-07 6.57617e-08 6.10016e-08
12.4094 5.36853e-12 8.95433e-11 2.60893e-10 0 2.82809e-07 6.25039e-08 6.19497e-08
14.3301 3.06916e-12 7.76583e-11 2.24981e-10 0 2.71911e-07 5.752e-08 6.28564e-08
16.5482 1.72645e-12 6.72803e-11 1.93789e-10 0 2.61416e-07 5.27784e-08 6.28265e-08
19.1095 9.58413e-13 5.82267e-11 1.66728e-10 0 2.5063e-07 4.84277e-08 6.24844e-08
22.0673 5.27108e-13 5.03321e-11 1.43265e-10 0 2.40289e-07 4.35539e-08 6.18366e-08
25.483 2.8894e-13 4.34559e-11 1.22949e-10 0 2.30222e-07 3.78664e-08 6.09159e-08
29.4273 1.59364e-13 3.74764e-11 1.05393e-10 0 2.20466e-07 3.29217e-08 5.93215e-08
33.9821 8.93823e-14 3.22814e-11 9.02396e-11 0 2.1051e-07 2.83952e-08 5.63102e-08
39.2419 5.13028e-14 2.77709e-11 7.71697e-11 0 1.99062e-07 2.41716e-08 5.32057e-08
45.3158 3.01358e-14 2.38599e-11 6.59136e-11 0 1.88238e-07 2.05762e-08 5.00931e-08
52.3299 1.80516e-14 2.04748e-11 5.62391e-11 0 1.75777e-07 1.62334e-08 4.64884e-08
60.4296 1.09814e-14 1.75485e-11 4.7935e-11 0 1.636e-07 1.26345e-08 4.29698e-08
69.7831 6.76973e-15 1.50207e-11 4.08126e-11 0 1.50791e-07 9.79721e-09 3.95584e-08
80.5842 4.2323e-15 1.28405e-11 3.47136e-11 0 1.36406e-07 7.43027e-09 3.5918e-08
93.0572 2.69e-15 1.09638e-11 2.95023e-11 0 1.22955e-07 5.5252e-09 3.24292e-08
107.461 1.74156e-15 9.35063e-12 2.50554e-11 0 1.09086e-07 0 2.89992e-08
124.094 1.14743e-15 7.96519e-12 2.12633e-11 0 9.66454e-08 0 2.51658e-08
143.301 7.63706e-16 6.7773e-12 1.80339e-11 0 8.54165e-08 0 2.15915e-08
165.482 5.04572e-16 5.76104e-12 1.52892e-11 0 7.45276e-08 0 1.87652e-08
191.095 3.21685e-16 4.89296e-12 1.29588e-11 0 6.44146e-08 0 1.62014e-08
220.673 1.89776e-16 4.15205e-12 1.09804e-11 0 5.47508e-08 0 1.38957e-08
254.83 9.74275e-17 3.52068e-12 9.30193e-12 0 4.60453e-08 0 1.12963e-08
294.273 3.95001e-17 2.98395e-12 7.87994e-12 0 3.82534e-08 0 9.25505e-09
339.821 1.05622e-17 2.52837e-12 6.67528e-12 0 3.18961e-08 0 7.82994e-09
392.419 1.26918e-18 2.14192e-12 5.65362e-12 0 2.65943e-08 0 6.53597e-09
453.158 3.19786e-20 1.81454e-12 4.78672e-12 0 2.20646e-08 0 5.42225e-09
523.299 4.62499e-23 1.53777e-12 4.05119e-12 0 1.8287e-08 0 4.48096e-09
604.296 5.9272e-28 1.30399e-12 3.42638e-12 0 0 0 3.75702e-09
697.831 8.21835e-36 1.10644e-12 2.89441e-12 0 0 0 3.19592e-09
805.842 1.8968e-47 9.39521e-13 2.44075e-12 0 0 0 2.79884e-09
930.572 2.24324e-63 7.98579e-13 2.05368e-12 0 0 0 2.47633e-09
1074.61 1.1812e-83 6.79492e-13 1.7231e-12 0 0 0 2.2271e-09
1240.94 7.69115e-108 5.78627e-13 1.44029e-12 0 0 0 2.03818e-09
1433.01 4.87266e-135 4.93011e-13 1.19832e-12 0 0 0 1.88292e-09
1654.82 4.97113e-164 4.20225e-13 9.91688e-13 0 0 0 1.76994e-09
1910.95 1.97234e-193 3.58157e-13 8.15558e-13 0 0 0 1.67209e-09
2206.73 1.65744e-215 3.04965e-13 6.65823e-13 0 0 0 1.58756e-09
2548.3 2.69341e-201 2.59198e-13 5.39027e-13 0 0 0 1.53982e-09
2942.73 1.51166e-187 2.19722e-13 4.32347e-13 0 0 0 1.49571e-09
3398.21 2.25598e-174 1.85566e-13 3.43395e-13 0 0 0 1.44981e-09
3924.19 7.33125e-162 1.55911e-13 2.69731e-13 0 0 0 1.39334e-09
4531.58 4.7146e-150 1.30127e-13 2.09336e-13 0 0 0 1.3301e-09
5232.99 5.4002e-139 1.07747e-13 1.60454e-13 0 0 0 1.23534e-09
6042.96 1.09982e-128 8.83823e-14 1.21337e-13 0 0 0 1.14328e-09
6978.31 4.03504e-119 7.17153e-14 9.05395e-14 0 0 0 1.05434e-09
8058.42 2.64512e-110 5.7472e-14 6.6588e-14 0 0 0 9.421e-10
9305.72 3.41982e-102 4.54213e-14 4.82359e-14 0 0 0 8.24795e-10
10746.1 9.16891e-95 3.53758e-14 3.44637e-14 0 0 0 6.94168e-10
12409.4 5.22657e-88 2.7106e-14 2.42448e-14 0 0 0 5.59405e-10
14330.1 7.80457e-82 2.04101e-14 1.67991e-14 0 0 0 4.42516e-10
16548.2 2.80389e-76 1.5099e-14 1.14648e-14 0 0 0 3.50187e-10
19109.5 2.89388e-71 1.09627e-14 7.69503e-15 0 0 0 2.74124e-10
22067.3 1.02417e-66 7.82566e-15 5.08976e-15 0 0 0 2.12257e-10
25483 1.06805e-62 5.48821e-15 3.30588e-15 0 0 0 1.65999e-10
29427.3 4.38524e-59 3.7804e-15 2.10785e-15 0 0 0 1.26691e-10
33982.1 6.8932e-56 2.56499e-15 1.32145e-15 0 0 0 9.11012e-11
39241.9 3.95511e-53 1.70984e-15 8.10254e-16 0 0 0 7.03503e-11
45315.8 1.41072e-50 1.12055e-15 4.86964e-16 0 0 0 5.62207e-11
52329.9 1.75748e-48 7.2037e-16 2.85664e-16 0 0 0 4.64609e-11
60429.6 1.13254e-46 4.52585e-16 1.63129e-16 0 0 0 3.91855e-11
69783.1 4.84016e-45 2.78401e-16 9.1207e-17 0 0 0 3.37295e-11
80584.2 8.96076e-44 1.6631e-16 4.92592e-17 0 0 0 2.86177e-11
93057.2 1.19982e-42 9.64278e-17 2.56955e-17 0 0 0 2.40694e-11
107461 9.15864e-42 5.43347e-17 1.30298e-17 0 0 0 1.99098e-11
124094 3.80424e-41 2.9487e-17 6.35201e-18 0 0 0 1.59965e-11
143301 1.39929e-40 1.54955e-17 2.99857e-18 0 0 0 1.22896e-11
165482 4.08757e-40 7.7864e-18 1.3486e-18 0 0 0 7.0593e-12
191095 1.06449e-39 3.72137e-18 5.76356e-19 0 0 0 3.87558e-12
220673 2.50886e-39 1.72371e-18 2.41375e-19 0 0 0 2.03351e-12
254830 5.20988e-39 7.48851e-19 9.40214e-20 0 0 0 1.08117e-12
294273 9.56921e-39 3.0274e-19 3.39944e-20 0 0 0 5.9181e-13
339821 1.45577e-38 1.15274e-19 1.17373e-20 0 0 0 3.45505e-13
392419 2.02328e-38 4.00244e-20 3.65598e-21 0 0 0 1.8249e-13
453158 2.70851e-38 1.33989e-20 1.0849e-21 0 0 0 5.61388e-14
523299 3.56572e-38 4.09256e-21 2.88436e-22 0 0 0 1.95911e-16
604296 4.65957e-38 1.04554e-21 6.44064e-23 0 0 0 0
697831 6.03342e-38 2.64273e-22 1.52874e-23 0 0 0 0
805842 7.70812e-38 5.88962e-23 2.97148e-24 0 0 0 0
930572 9.58521e-38 1.1155e-23 4.61241e-25 0 0 0 0
1.07461e+06 1.12566e-37 1.93576e-24 6.7814e-26 0 0 0 0
1.24094e+06 1.20063e-37 2.1541e-25 5.72917e-27 0 0 0 0
1.43301e+06 1.02733e-37 2.22968e-26 5.14994e-28 0 0 0 0
1.65482e+06 6.67857e-38 2.45517e-27 5.61121e-29 0 0 0 0
1.91095e+06 3.07153e-38 1.18892e-28 2.16928e-30 0 0 0 0
2.20673e+06 1.05649e-38 6.43779e-30 1.09016e-31 0 0 0 0
2.5483e+06 1.8377e-39 2.28207e-31 2.70348e-33 0 0 0 0
2.94273e+06 1.77083e-40 2.8198e-33 3.92556e-35 0 0 0 0
3.39821e+06 2.26515e-41 9.74501e-35 1.68922e-36 0 0 0 0
3.92419e+06 5.72311e-43 6.83672e-37 6.34643e-39 0 0 0 0
4.53158e+06 3.37495e-45 8.83854e-40 4.50835e-42 0 0 0 0
5.23299e+06 9.57642e-47 9.39298e-42 1.07358e-43 0 0 0 0
6.04296e+06 1.25925e-49 4.30606e-45 1.03889e-46 0 0 0 0
6.97831e+06 7.8481e-53 1.02563e-48 2.30473e-50 0 0 0 0
8.05842e+06 2.42149e-56 1.38761e-52 3.96157e-54 0 0 0 0
9.30572e+06 9.0329e-62 2.31541e-58 7.47817e-61 0 0 0 0
1.07461e+07 3.31249e-66 4.27699e-63 1.05258e-64 0 0 0 0
1.24094e+07 1.04314e-72 7.1637e-70 1.57006e-71 0 0 0 0
1.43301e+07 2.64094e-81 1.01147e-78 1.39143e-81 0 0 0 0
1.65482e+07 1.75168e-89 3.99058e-87 5.28236e-89 0 0 0 0
1.91095e+07 0 0 0 0 0 0 0
2.20673e+07 0 0 0 0 0 0 0
2.5483e+07 0 0 0 0 0 0 0
2.94273e+07 0 0 0 0 0 0 0
3.39821e+07 0 0 0 0 0 0 0
3.92419e+07 0 0 0 0 0 0 0
4.53158e+07 0 0 0 0 0 0 0
5.23299e+07 0 0 0 0 0 0 0
6.04296e+07 0 0 0 0 0 0 0
6.97831e+07 0 0 0 0 0 0 0
8.05842e+07 0 0 0 0 0 0 0
9.30572e+07 0 0 0 0 0 0 0
9.30572e+07 0 0 0 0 0 0 0
