1.07461e-16 7.22319e+12 0 0 187833 0 0 0
1.24094e-16 7.72252e+12 0 0 216906 0 0 0
1.43301e-16 8.21235e+12 0 0 250479 0 0 0
1.65482e-16 8.69324e+12 0 0 289249 0 0 0
1.91095e-16 9.16757e+12 0 0 334018 0 0 0
2.20673e-16 9.6399e+12 0 0 385718 0 0 0
2.5483e-16 1.01173e+13 0 0 445422 0 0 0
2.94273e-16 1.06097e+13 0 0 514364 0 0 0
3.39821e-16 1.11307e+13 0 0 593978 0 0 0
3.92419e-16 1.16969e+13 0 0 685914 0 0 0
4.53158e-16 1.23278e+13 0 0 792079 0 0 0
5.23299e-16 1.30444e+13 0 0 914678 0 0 0
6.04296e-16 1.38667e+13 0 0 1.05625e+06 0 0 0
6.97831e-16 1.48127e+13 0 0 1.21974e+06 0 0 0
8.05842e-16 1.58964e+13 0 0 1.40853e+06 0 0 0
9.30572e-16 1.71288e+13 0 0 1.62654e+06 0 0 0
1.07461e-15 1.85183e+13 0 0 1.8783e+06 0 0 0
1.24094e-15 2.00741e+13 0 0 2.16902e+06 0 0 0
1.43301e-15 2.1808e+13 0 0 2.50473e+06 0 0 0
1.65482e-15 2.37377e+13 0 0 2.89241e+06 0 0 0
1.91095e-15 2.58882e+13 0 0 3.34008e+06 0 0 0
2.20673e-15 2.82933e+13 0 0 3.85704e+06 0 0 0
2.5483e-15 3.09968e+13 0 0 4.45403e+06 0 0 0
2.94273e-15 3.40528e+13 0 0 5.14339e+06 0 0 0
3.39821e-15 3.75276e+13 0 0 5.93944e+06 0 0 0
3.92419e-15 4.15004e+13 0 0 6.85869e+06 0 0 0
4.53158e-15 4.60654e+13 0 0 7.92019e+06 0 0 0
5.23299e-15 5.13346e+13 0 0 9.14598e+06 0 0 0
6.04296e-15 5.7442e+13 0 0 1.05615e+07 0 0 0
6.97831e-15 6.45499e+13 0 0 1.2196e+07 0 0 0
8.05842e-15 7.28552e+13 0 0 1.40834e+07 0 0 0
9.30572e-15 8.25986e+13 0 0 1.62629e+07 0 0 0
1.07461e-14 9.40737e+13 0 0 1.87796e+07 0 0 0
1.24094e-14 1.07637e+14 0 0 2.16857e+07 0 0 0
1.43301e-14 1.23725e+14 0 0 2.50413e+07 0 0 0
1.65482e-14 1.42867e+14 0 0 2.89161e+07 0 0 0
1.91095e-14 1.65708e+14 0 0 3.33901e+07 0 0 0
2.20673e-14 1.93038e+14 0 0 3.85562e+07 0 0 0
2.5483e-14 2.25825e+14 0 0 4.45213e+07 0 0 0
2.94273e-14 2.6525e+14 0 0 5.14086e+07 0 0 0
3.39821e-14 3.12769e+14 0 0 5.93606e+07 0 0 0
3.92419e-14 3.70163e+14 0 0 6.85419e+07 0 0 0
4.53158e-14 4.39623e+14 0 0 7.91419e+07 0 0 0
5.23299e-14 5.23842e+14 0 0 9.13798e+07 0 0 0
6.04296e-14 6.2613e+14 0 0 1.05508e+08 0 0 0
6.97831e-14 7.50567e+14 0 0 1.21818e+08 0 0 0
8.05842e-14 9.02173e+14 0 0 1.40644e+08 0 0 0
9.30572e-14 1.08715e+15 0 0 1.62376e+08 0 0 0
1.07461e-13 1.31313e+15 0 0 1.87459e+08 0 0 0
1.24094e-13 1.58954e+15 0 0 2.16408e+08 0 0 0
1.43301e-13 1.92804e+15 0 0 2.49813e+08 0 0 0
1.65482e-13 2.34305e+15 0 0 2.88362e+08 0 0 0
1.91095e-13 2.85232e+15 0 0 3.32836e+08 0 0 0
2.20673e-13 3.4779e+15 0 0 3.84141e+08 0 0 0
2.5483e-13 4.24701e+15 0 0 4.43319e+08 0 0 0
2.94273e-13 5.19327e+15 0 0 5.11562e+08 0 0 0
3.39821e-13 6.35818e+15 0 0 5.90242e+08 0 0 0
3.92419e-13 7.79276e+15 0 0 6.80934e+08 0 0 0
4.53158e-13 9.55902e+15 0 0 7.85442e+08 0 0 0
5.23299e-13 1.17307e+16 0 0 9.05831e+08 0 0 0
6.04296e-13 1.43916e+16 0 0 1.04446e+09 0 0 0
6.97831e-13 1.76282e+16 0 0 1.20403e+09 0 0 0
8.05842e-13 2.15183e+16 0 0 1.38759e+09 0 0 0
9.30572e-13 2.61145e+16 0 0 1.59864e+09 0 0 0
1.07461e-12 3.1416e+16 0 0 1.84113e+09 0 0 0
1.24094e-12 3.73154e+16 0 0 2.11951e+09 0 0 0
1.43301e-12 4.35404e+16 0 0 2.43879e+09 0 0 0
1.65482e-12 4.96476e+16 0 0 2.80462e+09 0 0 0
1.91095e-12 5.51215e+16 0 0 3.22322e+09 0 0 0
2.20673e-12 5.95555e+16 0 0 3.70153e+09 0 0 0
2.5483e-12 6.27485e+16 0 0 4.24715e+09 0 0 0
2.94273e-12 6.4604e+16 0 0 4.86827e+09 0 0 0
3.39821e-12 6.49348e+16 0 0 5.57374e+09 0 0 0
3.92419e-12 6.34293e+16 0 0 6.37281e+09 0 0 0
4.53158e-12 5.99242e+16 0 0 7.27504e+09 0 0 0
5.23299e-12 5.46974e+16 0 0 8.28992e+09 0 0 0
6.04296e-12 4.84144e+16 0 0 9.42644e+09 0 0 0
6.97831e-12 4.18157e+16 0 0 1.06925e+10 0 0 0
8.05842e-12 3.54549e+16 0 0 1.2094e+10 0 0 0
9.30572e-12 2.96238e+16 0 0 1.36338e+10 0 0 0
1.07461e-11 2.44225e+16 0 0 1.53103e+10 0 0 0
1.24094e-11 1.98626e+16 0 0 1.71154e+10 0 0 0
1.43301e-11 1.59288e+16 0 0 1.90327e+10 0 0 0
1.65482e-11 1.25968e+16 0 0 2.10351e+10 0 0 0
1.91095e-11 9.83359e+15 0 0 2.30815e+10 0 0 0
2.20673e-11 7.59148e+15 0 0 2.5115e+10 0 0 0
2.5483e-11 5.80894e+15 0 0 2.70604e+10 0 0 0
2.94273e-11 4.41595e+15 0 0 2.88236e+10 0 0 0
3.39821e-11 3.34167e+15 0 0 3.02926e+10 0 0 0
3.92419e-11 2.52102e+15 0 0 3.13424e+10 0 0 0
4.53158e-11 1.89818e+15 0 0 3.1844e+10 0 0 0
5.23299e-11 1.42746e+15 0 0 3.16783e+10 0 0 0
6.04296e-11 1.07269e+15 0 0 3.07554e+10 0 0 0
6.97831e-11 8.05767e+14 0 0 2.90363e+10 0 0 0
8.05842e-11 6.05147e+14 0 0 2.65541e+10 0 0 0
9.30572e-11 4.54452e+14 0 0 2.34253e+10 0 0 0
1.07461e-10 3.41297e+14 0 0 1.98489e+10 0 0 0
1.24094e-10 2.56346e+14 0 0 1.60842e+10 0 0 0
1.43301e-10 1.92572e+14 0 0 1.24116e+10 0 0 0
1.65482e-10 1.4469e+14 0 0 9.0835e+09 0 0 0
1.91095e-10 1.08741e+14 0 0 1.26187e+10 0 0 0
2.20673e-10 8.1744e+13 0 0 4.84192e+10 0 0 0
2.5483e-10 6.14667e+13 0 0 1.43217e+11 0 0 0
2.94273e-10 4.6234e+13 0 0 3.91383e+11 0 0 0
3.39821e-10 3.47877e+13 0 0 1.03957e+12 0 0 0
3.92419e-10 2.61846e+13 0 0 2.7319e+12 0 0 0
4.53158e-10 1.97167e+13 0 0 7.08729e+12 0 0 0
5.23299e-10 1.4853e+13 0 0 1.80067e+13 0 0 0
6.04296e-10 1.11949e+13 0 0 4.0381e+13 0 0 0
6.97831e-10 8.44326e+12 0 0 6.87058e+13 0 0 0
8.05842e-10 6.37322e+12 0 0 1.02373e+14 0 0 0
9.30572e-10 4.81562e+12 0 0 1.31799e+14 0 0 0
1.07461e-09 3.64308e+12 0 0 1.53661e+14 0 0 0
1.24094e-09 2.75979e+12 0 0 1.54027e+14 0 0 0
1.43301e-09 2.0938e+12 0 0 1.41952e+14 0 0 0
1.65482e-09 1.59111e+12 0 0 1.22431e+14 0 0 0
1.91095e-09 1.21127e+12 0 0 1.00559e+14 0 0 0
2.20673e-09 9.23818e+11 0 0 7.96735e+13 0 0 0
2.5483e-09 7.05936e+11 0 0 6.03919e+13 0 0 0
2.94273e-09 5.40486e+11 0 0 4.52213e+13 0 0 0
3.39821e-09 4.14582e+11 0 0 3.35477e+13 0 0 0
3.92419e-09 3.18558e+11 0 0 2.47439e+13 0 0 0
4.53158e-09 2.45166e+11 0 0 1.82137e+13 0 0 0
5.23299e-09 1.88955e+11 0 0 1.33226e+13 0 0 0
6.04296e-09 1.45822e+11 0 0 9.55411e+12 0 0 0
6.97831e-09 1.12664e+11 0 0 6.63558e+12 0 0 0
8.05842e-09 8.71336e+10 0 0 4.44692e+12 0 0 0
9.30572e-09 6.74499e+10 0 0 2.87725e+12 0 0 0
1.07461e-08 5.22551e+10 0 0 1.79875e+12 0 0 0
1.24094e-08 4.05126e+10 0 0 1.08739e+12 0 0 0
1.43301e-08 3.14289e+10 0 0 6.38261e+11 0 0 0
1.65482e-08 2.43952e+10 0 0 3.67557e+11 0 0 0
1.91095e-08 1.8945e+10 0 0 2.09428e+11 0 0 0
2.20673e-08 1.47185e+10 0 0 1.18878e+11 0 0 0
2.5483e-08 1.14391e+10 0 0 6.84673e+10 0 0 0
2.94273e-08 8.89378e+09 0 0 4.11447e+10 0 0 0
3.39821e-08 6.91729e+09 0 0 2.62644e+10 0 0 0
3.92419e-08 5.38201e+09 0 0 1.78292e+10 0 0 0
4.53158e-08 4.18903e+09 0 0 1.2743e+10 0 0 0
5.23299e-08 3.26171e+09 0 0 9.44706e+09 0 0 0
6.04296e-08 2.54062e+09 0 0 7.1383e+09 0 0 0
6.97831e-08 1.97966e+09 0 0 5.42146e+09 0 0 0
8.05842e-08 1.54312e+09 0 0 4.11861e+09 0 0 0
9.30572e-08 1.20325e+09 0 0 3.12913e+09 0 0 0
1.07461e-07 9.38536e+08 0 0 2.37757e+09 0 0 0
1.24094e-07 7.32286e+08 0 0 1.80668e+09 0 0 0
1.43301e-07 5.71525e+08 0 0 1.37299e+09 0 0 0
1.65482e-07 4.46169e+08 0 0 1.04348e+09 0 0 0
1.91095e-07 3.48395e+08 0 0 7.93124e+08 0 0 0
2.20673e-07 2.72107e+08 0 0 6.02874e+08 0 0 0
2.5483e-07 2.12564e+08 0 0 4.58288e+08 0 0 0
2.94273e-07 1.66081e+08 0 0 3.48403e+08 0 0 0
3.39821e-07 1.29782e+08 0 0 2.6488e+08 0 0 0
3.92419e-07 1.01429e+08 0 0 2.01391e+08 0 0 0
4.53158e-07 7.92779e+07 0 0 1.53126e+08 0 0 0
5.23299e-07 6.19679e+07 0 0 1.16432e+08 0 0 0
6.04296e-07 4.84384e+07 0 0 8.85335e+07 0 0 0
6.97831e-07 3.7862e+07 0 0 6.73202e+07 0 0 0
8.05842e-07 2.95929e+07 0 0 5.11898e+07 0 0 0
9.30572e-07 2.3127e+07 0 0 3.89236e+07 0 0 0
1.07461e-06 1.80706e+07 0 0 2.95954e+07 0 0 0
1.24094e-06 1.41164e+07 0 0 2.25015e+07 0 0 0
1.43301e-06 1.10242e+07 0 0 1.71067e+07 0 0 0
1.65482e-06 8.60614e+06 0 0 1.30036e+07 0 0 0
1.91095e-06 6.71558e+06 0 0 9.88338e+06 0 0 0
2.20673e-06 5.23763e+06 0 0 7.51041e+06 0 0 0
2.5483e-06 4.08245e+06 0 0 5.70583e+06 0 0 0
2.94273e-06 3.17987e+06 0 0 4.33365e+06 0 0 0
3.39821e-06 2.4749e+06 0 0 3.29034e+06 0 0 0
3.92419e-06 1.92456e+06 0 0 2.49717e+06 0 0 0
4.53158e-06 1.49516e+06 0 0 1.89427e+06 0 0 0
5.23299e-06 1.16036e+06 0 0 1.43608e+06 0 0 0
6.04296e-06 899504 0 0 1.08797e+06 0 0 0
6.97831e-06 696446 0 0 823566 0 0 0
8.05842e-06 538531 0 0 622818 0 0 0
9.30572e-06 415851 0 0 470469 0 0 0
1.07461e-05 320652 0 0 354911 0 0 0
1.24094e-05 246875 0 0 267320 0 0 0
1.43301e-05 189776 0 0 200979 0 0 0
1.65482e-05 145647 0 0 150776 0 0 0
1.91095e-05 111596 0 0 112833 0 1.11626e-06 0
2.20673e-05 85361.9 0 0 84192.6 0 1.13597e-06 0
2.5483e-05 65184.7 0 0 62609.5 0 1.15602e-06 0
2.94273e-05 49693.3 0 0 46377.3 0 1.17643e-06 0
3.39821e-05 37820.2 0 0 34198 0 1.19454e-06 0
3.92419e-05 28736.5 0 0 25085.6 0 1.21282e-06 0
4.53158e-05 21799.2 5.70022e-15 5.35552e-13 18291.1 0 1.23137e-06 0
5.23299e-05 16510.6 4.91922e-14 4.38281e-12 13245.4 0 1.25526e-06 0
6.04296e-05 12486 1.68215e-13 1.45071e-11 9516.49 0 1.28118e-06 0
6.97831e-05 9428.3 4.84943e-13 4.10587e-11 6776.61 0 1.30763e-06 0
8.05842e-05 7109.2 1.31999e-12 1.10681e-10 4777.16 0 1.33288e-06 0
9.30572e-05 5353.04 3.50772e-12 2.9262e-10 3329.57 0 1.34938e-06 0
0.000107461 4025.2 9.04629e-12 7.50629e-10 2291.19 0 1.36608e-06 0
0.000124094 3022.72 2.24521e-11 1.84985e-09 1554.32 0 1.38299e-06 0
0.000143301 2266.95 5.05376e-11 4.10018e-09 1037.83 0 1.40041e-06 0
0.000165482 1697.92 9.15928e-11 7.18988e-09 680.845 0 1.41927e-06 0
0.000191095 1270.07 1.48097e-10 1.1224e-08 438.004 0 1.43839e-06 0
0.000220673 948.774 2.16652e-10 1.57661e-08 275.727 0 1.45777e-06 0
0.00025483 707.776 2.95424e-10 2.05355e-08 169.447 0 1.47452e-06 0
0.000294273 527.232 3.66957e-10 2.38948e-08 101.395 0 1.49074e-06 0
0.000339821 392.128 4.36945e-10 2.64523e-08 58.8981 0 1.50714e-06 0
0.000392419 291.142 5.05584e-10 2.82073e-08 33.0951 0 1.52373e-06 0
0.000453158 215.744 5.75714e-10 2.93863e-08 17.9153 0 1.54686e-06 0
0.000523299 159.519 6.50188e-10 3.01889e-08 9.29958 0 1.57284e-06 0
0.000604296 117.648 7.28642e-10 3.05453e-08 4.60419 0 1.59925e-06 0
0.000697831 86.5137 8.1638e-10 3.09285e-08 2.16034 0 1.62611e-06 0
0.000805842 63.4048 9.14338e-10 3.13443e-08 0.953532 0 1.64623e-06 0
0.000930572 46.2897 1.0234e-09 3.17977e-08 0.392496 0 1.66357e-06 0
0.00107461 33.647 1.14446e-09 3.22922e-08 0.149241 0 1.6811e-06 0
0.00124094 24.338 1.27843e-09 3.2831e-08 0.0518613 0 1.69881e-06 0
0.00143301 17.5098 1.42639e-09 3.34158e-08 0.0162591 0 1.69327e-06 0
0.00165482 12.5233 1.58942e-09 3.40469e-08 0.00452871 0 1.64227e-06 0
0.00191095 8.90093 1.76856e-09 3.4723e-08 0.00110106 0 1.5928e-06 0
0.00220673 6.2846 1.96484e-09 3.54414e-08 0.000229151 0 1.54482e-06 0
0.0025483 4.40703 2.1792e-09 3.61968e-08 3.99395e-05 0 1.49829e-06 0
0.00294273 3.06901 2.4123e-09 3.69806e-08 5.6779e-06 0 1.44134e-06 0
0.00339821 2.12243 2.66442e-09 3.77806e-08 6.37554e-07 0 1.36777e-06 0
0.00392419 1.4578 2.93542e-09 3.85808e-08 5.44462e-08 0 1.29796e-06 0
0.00453158 0.994691 3.22457e-09 3.93604e-08 3.3959e-09 0 1.23171e-06 0
0.00523299 0.674433 3.53019e-09 4.00937e-08 1.47505e-10 0 1.16885e-06 0
0.00604296 0.454587 3.84941e-09 4.07517e-08 4.11074e-12 0 1.10681e-06 0
0.00697831 0.30473 4.17813e-09 4.13026e-08 0 0 1.04707e-06 0
0.00805842 0.203255 4.51055e-09 4.17126e-08 0 0 9.90558e-07 0
0.00930572 0.134962 4.83884e-09 4.19478e-08 0 0 9.37092e-07 0
0.0107461 0.0892566 5.1532e-09 4.19771e-08 0 5.97768e-07 8.88732e-07 0
0.0124094 0.0588235 5.44277e-09 4.17731e-08 0 5.97768e-07 8.44251e-07 0
0.0143301 0.0386501 5.69718e-09 4.13123e-08 0 5.97768e-07 8.01997e-07 0
0.0165482 0.0253293 5.90759e-09 4.05775e-08 0 5.97768e-07 7.61858e-07 0
0.0191095 0.0165641 6.06752e-09 3.95597e-08 0 5.97768e-07 7.21876e-07 0
0.0220673 0.0108129 6.17414e-09 3.8258e-08 0 5.97768e-07 6.81507e-07 0
0.025483 0.00704864 6.2273e-09 3.66829e-08 0 5.97768e-07 6.43396e-07 0
0.0294273 0.00458992 6.22646e-09 3.48611e-08 0 5.97768e-07 6.07415e-07 0
0.0339821 0.00298652 6.17093e-09 3.28362e-08 0 5.97768e-07 5.73504e-07 0
0.0392419 0.00194225 6.06078e-09 3.06652e-08 0 5.97768e-07 5.41559e-07 0
0.0453158 0.0012628 5.89698e-09 2.84139e-08 0 5.97768e-07 5.11393e-07 0
0.0523299 0.000820993 5.68249e-09 2.61503e-08 0 5.97768e-07 4.82907e-07 0
0.0604296 0.00053384 5.42457e-09 2.39336e-08 0 5.97768e-07 4.57367e-07 0
0.0697831 0.000347233 5.13302e-09 2.18074e-08 0 5.97768e-07 4.35088e-07 0
0.0805842 0.000225963 4.81799e-09 1.98011e-08 0 5.97768e-07 4.13893e-07 0
0.0930572 0.000147134 4.48977e-09 1.79313e-08 0 5.97768e-07 3.93732e-07 0
0.107461 9.58749e-05 4.15747e-09 1.62042e-08 0 5.97768e-07 3.74552e-07 0
0.124094 6.25264e-05 3.82885e-09 1.4618e-08 0 5.93974e-07 3.54167e-07 0
0.143301 4.08164e-05 3.50994e-09 1.31672e-08 0 5.92115e-07 3.34265e-07 0
0.165482 2.66715e-05 3.20491e-09 1.18442e-08 0 5.92511e-07 3.15481e-07 0
0.191095 1.74481e-05 2.91655e-09 1.06408e-08 0 5.92908e-07 2.97753e-07 0
0.220673 1.14274e-05 2.64639e-09 9.54796e-09 0 5.79695e-07 2.81525e-07 0
0.25483 7.49285e-06 2.39518e-09 8.55746e-09 0 5.66766e-07 2.66181e-07 0
0.294273 4.91872e-06 2.16315e-09 7.66157e-09 0 5.53364e-07 2.51674e-07 0
0.339821 3.23249e-06 1.94989e-09 6.85237e-09 0 5.40206e-07 2.37957e-07 0
0.392419 2.12652e-06 1.75465e-09 6.12222e-09 0 5.28762e-07 2.25132e-07 0
0.453158 1.40032e-06 1.57653e-09 5.46434e-09 0 5.19313e-07 2.13323e-07 0
0.523299 9.22922e-07 1.41455e-09 4.87248e-09 0 5.09995e-07 2.02133e-07 0
0.604296 6.08777e-07 1.26761e-09 4.34059e-09 0 5.00263e-07 1.9153e-07 0
0.697831 4.0184e-07 1.13453e-09 3.86293e-09 0 4.90716e-07 1.81483e-07 0
0.805842 2.6541e-07 1.01426e-09 3.43451e-09 0 4.79287e-07 1.7196e-07 0
0.930572 1.75381e-07 9.05765e-10 3.05077e-09 0 4.65723e-07 1.62919e-07 0
1.07461 1.15925e-07 8.08031e-10 2.70736e-09 0 4.52543e-07 1.54352e-07 0
1.24094 7.66261e-08 7.20082e-10 2.40024e-09 0 4.43009e-07 1.46237e-07 4.99586e-08
1.43301 5.06269e-08 6.4105e-10 2.12589e-09 0 4.35129e-07 1.38547e-07 5.09929e-08
1.65482 3.34077e-08 5.70136e-10 1.88112e-09 0 4.27389e-07 1.31265e-07 5.20572e-08
1.91095 2.19914e-08 5.06576e-10 1.66294e-09 0 4.16522e-07 1.24553e-07 5.30893e-08
2.20673 1.44168e-08 4.49648e-10 1.46857e-09 0 4.05159e-07 1.18185e-07 5.40847e-08
2.5483 9.39005e-09 3.98722e-10 1.29559e-09 0 3.94106e-07 1.12143e-07 5.49292e-08
2.94273 6.05905e-09 3.5323e-10 1.14187e-09 0 3.83761e-07 1.06409e-07 5.57644e-08
3.39821 3.8607e-09 3.12626e-10 1.00536e-09 0 3.73804e-07 1.00929e-07 5.66065e-08
3.92419 2.42202e-09 2.76409e-10 8.84216e-10 0 3.63601e-07 9.54705e-08 5.74734e-08
4.53158 1.49289e-09 2.44143e-10 7.76829e-10 0 3.5245e-07 9.03071e-08 5.83164e-08
5.23299 9.02928e-10 2.15433e-10 6.81766e-10 0 3.41642e-07 8.5423e-08 5.87636e-08
6.04296 5.35837e-10 1.89909e-10 5.97685e-10 0 3.30938e-07 8.0803e-08 5.91385e-08
6.97831 3.12358e-10 1.67231e-10 5.23365e-10 0 3.20516e-07 7.65898e-08 5.94412e-08
8.05842 1.7925e-10 1.47104e-10 4.57755e-10 0 3.10533e-07 7.27956e-08 5.97249e-08
9.30572 1.01527e-10 1.29266e-10 3.99917e-10 0 3.01617e-07 6.91893e-08 6.01708e-08
10.7461 5.68814e-11 1.13469e-10 3.48976e-10 0 2.92957e-07 6.57617e-08 6.10016e-08
12.4094 3.15852e-11 9.94886e-11 3.04146e-10 0 2.82809e-07 6.25039e-08 6.19497e-08
14.3301 1.7415e-11 8.71315e-11 2.64744e-10 0 2.71911e-07 5.752e-08 6.28564e-08
16.5482 9.55159e-12 7.62237e-11 2.30166e-10 0 2.61416e-07 5.27784e-08 6.28265e-08
19.1095 5.22264e-12 6.66049e-11 1.99855e-10 0 2.5063e-07 4.84277e-08 6.24844e-08
22.0673 2.85357e-12 5.81281e-11 1.73305e-10 0 2.40289e-07 4.35539e-08 6.18366e-08
25.483 1.56328e-12 5.06672e-11 1.50081e-10 0 2.30222e-07 3.78664e-08 6.09159e-08
29.4273 8.63465e-13 4.4111e-11 1.29803e-10 0 2.20466e-07 3.29217e-08 5.93215e-08
33.9821 4.83857e-13 3.83553e-11 1.12116e-10 0 2.1051e-07 2.83952e-08 5.63102e-08
39.2419 2.76012e-13 3.33065e-11 9.67035e-11 0 1.99062e-07 2.41716e-08 5.32057e-08
45.3158 1.60234e-13 2.88838e-11 8.32932e-11 0 1.88238e-07 2.05762e-08 5.00931e-08
52.3299 9.4455e-14 2.50161e-11 7.16475e-11 0 1.75777e-07 1.62334e-08 4.64884e-08
60.4296 5.64025e-14 2.16375e-11 6.15473e-11 0 1.636e-07 1.26345e-08 4.29698e-08
69.7831 3.40846e-14 1.86888e-11 5.2796e-11 0 1.50791e-07 9.79721e-09 3.95584e-08
80.5842 2.087e-14 1.6119e-11 4.52259e-11 0 1.36406e-07 7.43027e-09 3.5918e-08
93.0572 1.29788e-14 1.38837e-11 3.86912e-11 0 1.22955e-07 5.5252e-09 3.24292e-08
107.461 8.2109e-15 1.19418e-11 3.30579e-11 0 1.09086e-07 0 2.89992e-08
124.094 5.27742e-15 1.02564e-11 2.82069e-11 0 9.66454e-08 0 2.51658e-08
143.301 3.42116e-15 8.79617e-12 2.40365e-11 0 8.54165e-08 0 2.15915e-08
165.482 2.19943e-15 7.53342e-12 2.04589e-11 0 7.45276e-08 0 1.87652e-08
191.095 1.36383e-15 6.4431e-12 1.73947e-11 0 6.44146e-08 0 1.62014e-08
220.673 7.82441e-16 5.50259e-12 1.47726e-11 0 5.47508e-08 0 1.38957e-08
254.83 3.91385e-16 4.69271e-12 1.25326e-11 0 4.60453e-08 0 1.12963e-08
294.273 1.55378e-16 3.99698e-12 1.06235e-11 0 3.82534e-08 0 9.25505e-09
339.821 4.08401e-17 3.40022e-12 8.99868e-12 0 3.18961e-08 0 7.82994e-09
392.419 4.82473e-18 2.88888e-12 7.61677e-12 0 2.65943e-08 0 6.53597e-09
453.158 1.19393e-19 2.45151e-12 6.44305e-12 0 2.20646e-08 0 5.42225e-09
523.299 1.6939e-22 2.07829e-12 5.44815e-12 0 1.8287e-08 0 4.48096e-09
604.296 2.12806e-27 1.76033e-12 4.60565e-12 0 0 0 3.75702e-09
697.831 2.89123e-35 1.48973e-12 3.89217e-12 0 0 0 3.19592e-09
805.842 6.53733e-47 1.25983e-12 3.28826e-12 0 0 0 2.79884e-09
930.572 7.57399e-63 1.06499e-12 2.77765e-12 0 0 0 2.47633e-09
1074.61 3.90747e-83 9.00123e-13 2.34588e-12 0 0 0 2.2271e-09
1240.94 2.49272e-107 7.60714e-13 1.98024e-12 0 0 0 2.03818e-09
1433.01 1.54766e-134 6.42973e-13 1.67028e-12 0 0 0 1.88292e-09
1654.82 1.54784e-163 5.43714e-13 1.40748e-12 0 0 0 1.76994e-09
1910.95 6.02369e-193 4.60092e-13 1.18442e-12 0 0 0 1.67209e-09
2206.73 5.41782e-215 3.89591e-13 9.94636e-13 0 0 0 1.58756e-09
2548.3 9.32595e-201 3.3014e-13 8.32966e-13 0 0 0 1.53982e-09
2942.73 5.58529e-187 2.80023e-13 6.95283e-13 0 0 0 1.49571e-09
3398.21 8.9964e-174 2.37715e-13 5.77999e-13 0 0 0 1.44981e-09
3924.19 3.20494e-161 2.01888e-13 4.78043e-13 0 0 0 1.39334e-09
4531.58 2.25162e-149 1.71463e-13 3.92954e-13 0 0 0 1.3301e-09
5232.99 2.87739e-138 1.45571e-13 3.20791e-13 0 0 0 1.23534e-09
6042.96 6.58563e-128 1.23458e-13 2.59835e-13 0 0 0 1.14328e-09
6978.31 2.73821e-118 1.04483e-13 2.08581e-13 0 0 0 1.05434e-09
8058.42 2.08998e-109 8.81404e-14 1.65765e-13 0 0 0 9.421e-10
9305.72 3.15e-101 7.40358e-14 1.30303e-13 0 0 0 8.24795e-10
10746.1 1.00319e-93 6.18395e-14 1.01257e-13 0 0 0 6.94168e-10
12409.4 7.15427e-87 5.12804e-14 7.76841e-14 0 0 0 5.59405e-10
14330.1 1.29912e-80 4.21469e-14 5.87817e-14 0 0 0 4.42516e-10
16548.2 6.19274e-75 3.42839e-14 4.38552e-14 0 0 0 3.50187e-10
19109.5 8.72831e-70 2.75599e-14 3.22281e-14 0 0 0 2.74124e-10
22067.3 4.09724e-65 2.18565e-14 2.33359e-14 0 0 0 2.12257e-10
25483 6.47385e-61 1.70741e-14 1.66325e-14 0 0 0 1.65999e-10
29427.3 3.96675e-57 1.31204e-14 1.16621e-14 0 0 0 1.26691e-10
33982.1 1.00777e-53 9.91068e-15 8.06173e-15 0 0 0 9.11012e-11
39241.9 1.09057e-50 7.34633e-15 5.48613e-15 0 0 0 7.03503e-11
45315.8 6.00009e-48 5.33761e-15 3.67842e-15 0 0 0 5.62207e-11
52329.9 1.56702e-45 3.80182e-15 2.43248e-15 0 0 0 4.64609e-11
60429.6 2.18536e-43 2.65183e-15 1.58496e-15 0 0 0 3.91855e-11
69783.1 1.86125e-41 1.81618e-15 1.02107e-15 0 0 0 3.37295e-11
80584.2 8.73825e-40 1.22118e-15 6.48389e-16 0 0 0 2.86177e-11
93057.2 2.64555e-38 8.06572e-16 4.0595e-16 0 0 0 2.40694e-11
107461 5.3066e-37 5.25953e-16 2.5132e-16 0 0 0 1.99098e-11
124094 6.74337e-36 3.3807e-16 1.53104e-16 0 0 0 1.59965e-11
143301 6.75667e-35 2.1473e-16 9.2141e-17 0 0 0 1.22896e-11
165482 4.68938e-34 1.34647e-16 5.4615e-17 0 0 0 7.0593e-12
191095 2.40634e-33 8.31098e-17 3.18173e-17 0 0 0 3.87558e-12
220673 1.04162e-32 5.07111e-17 1.83311e-17 0 0 0 2.03351e-12
254830 3.64144e-32 3.03647e-17 1.03297e-17 0 0 0 1.08117e-12
294273 1.10471e-31 1.78664e-17 5.70579e-18 0 0 0 5.9181e-13
339821 2.98365e-31 1.0369e-17 3.10548e-18 0 0 0 3.45505e-13
392419 7.23347e-31 5.88892e-18 1.64931e-18 0 0 0 1.8249e-13
453158 1.59135e-30 3.29702e-18 8.60062e-19 0 0 0 5.61388e-14
523299 3.10951e-30 1.80551e-18 4.35821e-19 0 0 0 1.95911e-16
604296 5.45099e-30 9.64008e-19 2.14354e-19 0 0 0 0
697831 8.56221e-30 5.07933e-19 1.03976e-19 0 0 0 0
805842 1.23634e-29 2.58603e-19 4.81935e-20 0 0 0 0
930572 1.70783e-29 1.26956e-19 2.1341e-20 0 0 0 0
1.07461e+06 2.27703e-29 6.04472e-20 9.17657e-21 0 0 0 0
1.24094e+06 2.98472e-29 2.7494e-20 3.74783e-21 0 0 0 0
1.43301e+06 3.86282e-29 1.21219e-20 1.47849e-21 0 0 0 0
1.65482e+06 4.91536e-29 5.02287e-21 5.42738e-22 0 0 0 0
1.91095e+06 6.07651e-29 1.91602e-21 1.82152e-22 0 0 0 0
2.20673e+06 7.12226e-29 7.13346e-22 6.10515e-23 0 0 0 0
2.5483e+06 7.70361e-29 2.42666e-22 1.83679e-23 0 0 0 0
2.94273e+06 7.38114e-29 7.37605e-23 4.80964e-24 0 0 0 0
3.39821e+06 6.06272e-29 2.05166e-23 1.15658e-24 0 0 0 0
3.92419e+06 4.25069e-29 4.65567e-24 2.2428e-25 0 0 0 0
4.53158e+06 2.46846e-29 1.01585e-24 4.44261e-26 0 0 0 0
5.23299e+06 1.0996e-29 1.96348e-25 8.12217e-27 0 0 0 0
6.04296e+06 3.49266e-30 2.44481e-26 9.04406e-28 0 0 0 0
6.97831e+06 9.00492e-31 2.9383e-27 1.0277e-28 0 0 0 0
8.05842e+06 1.31671e-31 2.16056e-28 6.4804e-30 0 0 0 0
9.30572e+06 1.15004e-32 8.49098e-30 2.04204e-31 0 0 0 0
1.07461e+07 9.72181e-34 4.20244e-31 1.12089e-32 0 0 0 0
1.24094e+07 1.12602e-35 2.82139e-33 5.35092e-35 0 0 0 0
1.43301e+07 1.2149e-38 1.68889e-36 6.55126e-39 0 0 0 0
1.65482e+07 3.2525e-41 2.87941e-39 3.86968e-41 0 0 0 0
1.91095e+07 4.17855e-46 2.36742e-44 5.65802e-46 0 0 0 0
2.20673e+07 1.62854e-52 6.13817e-51 1.35814e-52 0 0 0 0
2.5483e+07 2.63765e-60 6.90091e-59 1.33635e-60 0 0 0 0
2.94273e+07 7.60475e-72 1.42316e-70 7.18212e-73 0 0 0 0
3.39821e+07 2.7542e-84 3.81899e-83 8.25137e-85 0 0 0 0
3.92419e+07 0 0 0 0 0 0 0
4.53158e+07 0 0 0 0 0 0 0
5.23299e+07 0 0 0 0 0 0 0
6.04296e+07 0 0 0 0 0 0 0
6.97831e+07 0 0 0 0 0 0 0
8.05842e+07 0 0 0 0 0 0 0
9.30572e+07 0 0 0 0 0 0 0
9.30572e+07 0 0 0 0 0 0 0
